0		25.46
3.03672		25.76
6.07344		26.96
9.11016		28.15
12.14689	29.08
15.18361	29.92
18.22033	30.4
21.25706	31.2
24.29378	31.2
27.3305		31.62
30.36723	32.28
33.40395	32.52
36.44067	33
39.4774		33.45
42.51412	33.5
45.55084	33.5
48.58757	33.92
51.62429	34.76
54.66101	34.99
57.69774	35.35
60.73446	34.82
63.77118	34.7
66.8079		34.7
69.84463	34.4
72.88135	34.46
75.91807	35.44
78.9548		34.64
81.99152	34.7
85.02824	34.52
88.06497	33.52
91.10169	33.26
94.13841	33.52
97.17514	33.25
100.21186	32.92
103.24858	32.82
106.28531	32.94
109.32203	32.22
112.35875	32.1
115.39548	32.58
118.4322	32.94
121.46892	32.46
124.50565	32.46
127.54237	31.86
130.57909	31.8
133.61581	31.92
136.65254	31.8
139.68926	31.74
142.72598	31.68
145.76271	31.8
148.79943	31.26
151.83615	30.6
154.87288	30.6
157.9096	29.97
160.94632	29.56
163.98305	30.04
167.01977	29.56
170.05649	29.62
173.09322	29.74
176.12994	29.62
179.16666	29.98
182.20339	29.56
185.24011	30.02
188.27683	30.55
191.31355	30.4
194.35028	30.56
197.387		31.14
200.42372	30.91
203.46045	30.4
206.49717	30.96
209.53389	31.08
212.57062	31.32
215.60734	31.62
218.64406	31.62
221.68079	31.32
224.71751	32.28
227.75423	32.1
230.79096	31.8
233.82768	32.1
236.8644	32.34
239.90113	32.28
242.93785	32.26
245.97457	31.74
249.01129	31.92
252.04802	32.2
255.08474	32.14
258.12146	32.67
261.15819	32.16
264.19491	31.86
267.23163	32.08
270.26836	32.14
273.30508	31.74
276.3418	31.86
279.37853	31.98
282.41525	32.28
285.45197	31.74
288.4887	31.98
291.52542	32.28
294.56214	31.98
297.59887	31.74
300.63559	31.8
