0		30.78
3.03672		32.33
6.07344		33.8
9.11016		34.76
12.14689	35.7
15.18361	36.64
18.22033	37.12
21.25706	37.36
24.29378	37.9
27.3305		38.65
30.36723	38.88
33.40395	39.2
36.44067	39.92
39.4774		40.04
42.51412	40.1
45.55084	40.5
48.58757	41.05
51.62429	41.29
54.66101	41.45
57.69774	41.2
60.73446	40.8
63.77118	40.69
66.8079		40.46
69.84463	40.63
72.88135	41.52
75.91807	39.74
78.9548		39.92
81.99152	40.28
85.02824	39.51
88.06497	39.6
91.10169	39.63
94.13841	39.3
97.17514	38.94
100.21186	38.48
103.24858	38.5
106.28531	38.25
109.32203	38.45
112.35875	38.69
115.39548	38.7
118.4322	38.45
121.46892	38.5
124.50565	38.13
127.54237	37.54
130.57909	37.84
133.61581	37.6
136.65254	37.12
139.68926	37.06
142.72598	37.3
145.76271	36.1
148.79943	35.8
151.83615	35.5
154.87288	35.23
157.9096	35
160.94632	35.4
163.98305	35.23
167.01977	35.7
170.05649	35.55
173.09322	35.35
176.12994	36.11
179.16666	35.71
182.20339	35.93
185.24011	36.4
188.27683	35.98
191.31355	36.4
194.35028	36.88
197.387		36.3
200.42372	36.05
203.46045	36.82
206.49717	36.94
209.53389	37
212.57062	37.36
215.60734	37.18
218.64406	36.94
221.68079	38.01
224.71751	37.88
227.75423	37.06
230.79096	37.06
233.82768	37.18
236.8644	37.18
239.90113	38.14
242.93785	37.54
245.97457	37.54
249.01129	37.54
252.04802	37.18
255.08474	38.02
258.12146	37.42
261.15819	37.36
264.19491	37.3
267.23163	37.24
270.26836	37.06
273.30508	37.36
276.3418	37.6
279.37853	37.24
282.41525	37
285.45197	37.12
288.4887	37.6
291.52542	37.36
294.56214	37.24
297.59887	37.18
300.63559	36.94
