0		36.1
3.02817		38.04
6.05634		39.58
9.08451		40.4
12.11268	41.5
15.14085	42.33
18.16902	43.2
21.19719	43.5
24.22535	44.02
27.25352	45.07
30.28169	45.5
33.30986	45.76
36.33803	46.54
39.3662		46.92
42.39437	46.98
45.42254	47.22
48.45071	48.69
51.47888	48.21
54.50704	48.93
57.53521	48.05
60.56338	47.93
63.59155	47.7
66.61972	47.52
69.64789	47.7
72.67606	49.23
75.70423	48.04
78.7324		47.52
81.76057	47.64
84.78873	46.83
87.8169		46.92
90.84507	46.71
93.87324	45.82
96.90141	45.33
99.92958	44.42
102.95775	44.48
105.98592	44.3
109.01409	43.9
112.04226	44.18
115.07042	44.9
118.09859	44.48
121.12676	44.18
124.15493	44.03
127.1831	43.96
130.21127	43.6
133.23944	43.48
136.26761	43.14
139.29578	43.26
142.32395	43.43
145.35211	42.59
148.38028	40.85
151.40845	40.75
154.43662	40.64
157.46479	40.39
160.49296	40.7
163.52113	40.34
166.5493	40.64
169.57747	40.7
172.60564	40.58
175.6338	41.4
178.66197	41.22
181.69014	41.12
184.71831	41.74
187.74648	41.45
190.77465	41.22
193.80282	41.73
196.83099	42.21
199.85916	41.44
202.88733	41.5
205.9155	42.28
208.94366	42.55
211.97183	42.55
215		42.25
218.02817	41.92
221.05634	43.09
224.08451	42.98
227.11268	41.98
230.14085	42.38
233.16902	42.27
236.19719	42.27
239.22535	42.9
242.25352	42.5
245.28169	42.34
