0		40.46
3.08687		41.4
6.17373		44.1
9.26059		45.89
12.34745	47.96
15.43432	48.92
18.52118	50.23
21.60804	50.9
24.69491	51.22
27.78177	52.53
30.86863	53.12
33.95549	53.54
37.04236	54.54
40.12922	55.17
43.21608	54.7
46.30295	54.16
49.38981	55.49
52.47667	55.1
55.56354	55.83
58.6504		54.88
61.73726	55.18
64.82412	55.5
67.91099	54.76
70.99785	54.99
74.08471	55.94
77.17158	54.04
80.25844	53.95
83.3453		54.52
86.43216	53.74
89.51903	53.8
92.60589	53.41
95.69275	52.19
98.77962	51.05
101.86648	51.48
104.95334	51.54
108.0402	50.87
111.12707	50.56
114.21393	50.73
117.30079	50.89
120.38766	50.5
123.47452	50.39
126.56138	49.56
129.64824	49.67
132.73511	49.28
135.82197	49.35
138.90883	48.54
141.9957	49.11
145.08256	48.47
148.16942	46.5
151.25628	46.5
154.34315	46.24
157.43001	45.82
160.51687	46.83
163.60374	46.39
166.6906	46.12
169.77746	46.45
172.86432	46.92
175.95119	46.45
179.03805	46.4
182.12491	45.94
185.21178	46.5
188.29864	46.54
191.3855	46.37
194.47236	46.6
197.55923	46.75
200.64609	46.24
203.73295	46.81
206.81982	46.98
209.90668	47.4
212.99354	47.46
216.08041	47.76
219.16727	47.4
222.25413	47.88
225.34099	48.35
228.42786	47.34
231.51472	47.22
234.60158	47.28
237.68845	47.22
240.77531	48.04
243.86217	47.4
246.94903	47.28
250.0359	47.22
253.12276	47.04
256.20962	47.4
259.29649	46.92
262.38335	46.8
265.47021	46.7
268.55707	46.4
271.64394	46.35
274.7308	46.7
277.81766	46.75
280.90453	46.35
283.99139	46.24
287.07825	46
290.16511	45.94
293.25198	45.82
296.33884	45.35
299.4257	45.4
