	MP220-10	MP220-10	MP220-8	MP220-8	MP220-7	MP220-7	MP220-7	MP220-5	MP220-5	MP220-5	MP220-5	MP220-5	MP220-5	MP220-3	MP220-3	MP220-3	MP220-3	MP220-3	MP220-3	MP220-2	MP220-2	MP220-2	MP220-2	MP220-2	MP220-1	MP220-1	MP220-1	MP220-1	MP220-1	MP220-1	MP220-1	MP220-1	A220-2	A220-2	A220-1	A220-1	A220-1	A220-1	ER230-7	ER230-7	ER230-6	ER230-6	ER230-6	ER230-6	ER230-6	ER230-6	ER230-5	ER230-5	ER230-5	ER230-5	ER230-5	ER230-5	ER230-5	ER230-3	ER230-3	ER230-3	ER230-3	ER230-2	ER230-2	ER230-2	ER230-1	ER230-1	ER230-1	PM-3	PM-3	PM-3	PM-3	PM-3	PM-2	PM-2	PM-2	PM-2	PM-2	PM-1	PM-1	PM-1	PM-1	PM-1	PM-1	HHMP-14	HHMP-14	HHMP-14	ER232-21	ER232-21	ER232-21	ER232-21	ER232-18	ER232-18	ER232-18	ER232-18	ER232-18	ER232-17	ER232-17	ER232-17	ER232-17	ER232-17	ER232-17	ER232-17	ER232-17	ER232-16	ER232-16	ER232-16	ER232-16	ER232-16	ER232-16	ER232-16	ER232-16	ER232-14	ER232-14	ER232-14	ER232-14	ER232-14	ER232-12	ER232-12	ER232-12	ER232-12	ER232-12	ER232-9	ER232-9	Gel-1	Gel-1	Gel-1	Gel-1	Gel-1	Gel-1	ER233-6	ER233-6	ER233-6	ER233-6	ER233-4	ER233-4	ER233-4	ER233-4	ER233-4	ER233-3	ER233-3	ER233-3	ER233-3	ER233-3	ER233-3	ER233-3	ER233-3	ER233-2	ER233-2	ER233-2	ER233-2	ER233-1	ER233-1	ER233-1	211-1	211-1	211-1	211-1	A211-2	A211-2	A211-1	A211-1	A211-1
	#N/A	0	REF1	0	REF1	0	0	REF1	0	0	0	0	0	REF2	0	0	0	0	0	REF2	0	0	0	0	REF2	0	0	0	0	0	0	0	REF2	0	REF2	0	0	0	REF3	0	#N/A	0	0	0	0	0	REF3	0	0	0	0	0	0	REF3	0	0	0	REF3	0	0	REF3	0	0	REF3	0	0	0	0	REF3	0	0	0	0	REF3	0	0	0	0	0	REF2	0	0	REF5	0	0	0	REF5	0	0	0	0	REF5	0	0	0	0	0	0	0	REF5	0	0	0	0	0	0	0	REF5	0	0	0	0	REF5	0	0	0	0	#N/A	0	REF5	0	0	0	0	0	#N/A	0	0	0	#N/A	0	0	0	0	REF1	0	0	0	0	0	0	0	REF2	0	0	0	REF2	0	0	REF4	0	0	0	REF4	0	REF4	0	0
Input1	22	22	0	0	0	0	0	0	0	0	0	0	0	0	0	0	0	0	0	0	0	0	0	0	0	0	0	0	19	0	0	0	0	0	0	0	0	0	0	0	22	22	22	22	22	22	0	0	0	0	0	0	0	0	0	0	0	0	0	0	0	0	0	0	0	0	0	0	0	0	0	0	0	0	0	0	0	0	0	0	0	0	22	16	16	16	22	15	15	15	15	22	16	16	15	16	16	16	10	22	15	13	13	10	0	0	0	22	0	0	0	0	22	22	5	0	0	15.4	7	22	21	20	19	19	20	22	20	20	20	22	22	22	20	25	0	0	0	12	24	24	24	24	0	0	0	0	0	0	0	0	0	0	0	0	0	0	0	0
Input2	0	0	0	0	0	0	0	0	0	0	0	0	0	0	0	0	0	0	0	0	0	0	0	0	0	0	0	0	0	0	0	0	0	0	0	0	0	0	0	0	0	0	0	0	0	0	0	0	0	0	0	0	0	0	0	0	0	0	0	0	0	0	0	0	0	0	0	0	0	0	0	0	0	0	0	0	0	0	0	0	0	0	0	0	0	0	0	0	0	0	0	0	0	0	0	0	0	0	0	0	0	0	0	0	0	0	0	0	0	0	0	0	0	0	70	70	0	30	60	0	0	0	0	0	0	0	0	0	0	0	0	0	0	0	0	0	0	0	0	0	0	0	0	0	0	0	0	0	0	0	0	0	0	0	0	0	0	0
Input3	0	0	0	0	0	0	0	0	0	0	0	0	0	0	0	0	0	0	0	0	0	0	0	0	0	0	0	0	0	0	0	0	0	0	0	0	0	0	0	0	0	0	0	0	0	0	0	0	0	0	0	0	0	0	0	0	0	0	0	0	0	0	0	0	0	0	0	0	0	0	0	0	0	0	0	0	0	0	0	0	0	0	0	0	0	0	0	0	0	0	0	0	0	0	0	0	0	0	0	0	0	0	0	0	0	0	0	0	0	0	0	0	0	0	0	0	0	0	0	0	0	0	0	0	0	0	0	0	0	0	0	0	0	0	0	0	0	0	0	0	0	0	0	0	0	0	0	0	0	0	0	0	0	0	0	0	0	0
Input4	0	0	0	0	0	0	0	0	0	0	0	0	0	0	0	0	0	0	0	0	0	0	0	0	0	0	0	0	0	0	0	0	0	0	0	0	0	0	0	0	0	0	0	0	0	0	0	0	0	0	0	0	0	0	0	0	0	0	0	0	0	0	0	0	0	0	0	0	0	0	0	0	0	0	0	0	0	0	0	0	0	0	0	0	0	0	0	0	0	0	0	0	0	0	0	0	0	0	0	0	0	0	0	0	0	0	0	0	0	0	0	0	0	0	0	0	0	0	0	0	0	0	0	0	0	0	0	0	0	0	0	0	0	0	0	0	0	0	0	0	0	0	0	0	0	0	0	0	0	0	0	0	0	0	0	0	0	0
Input5	0	0	19	0	19	10	10	19	10	5	0	0	0	19	19	19	19	19	21	19	20	20	21	21	19	21	17	16	0	0	0	18	19	0	19	0	0	0	0	0	0	0	0	0	0	0	0	20	18	22	23	23	23	0	19	19	19	0	19	20	0	18	19	0	0	0	0	0	0	0	0	0	0	0	0	0	0	0	0	19	0	0	0	0	0	0	0	0	0	0	0	0	0	0	0	0	0	0	0	0	0	0	0	0	0	0	0	0	0	0	0	0	0	0	0	0	0	0	0	0	0	0	0	0	0	0	0	0	0	0	0	0	0	0	19	10	0	0	0	0	0	0	19	10	10	0	19	10	10	19	21	21	21	19	0	19	0	0
Input6	0	0	0	17.5	0	0	0	0	0	0	0	0	0	0	0	0	0	0	0	0	0	0	0	0	0	0	0	0	0	19	17.5	0	0	17.5	0	18	18	18	18	18	0	0	0	0	0	0	18	0	0	0	0	0	0	18	0	0	0	18	0	0	18	0	0	18	18	18	18	18	18	18	18	18	18	18	18	18	18	18	18	0	18	18	0	0	0	0	0	0	0	0	0	0	0	0	0	0	0	0	0	0	0	0	0	0	0	10	0	0	0	0	0	0	0	0	0	0	0	0	0	0	0	0	0	0	0	0	0	0	0	0	0	0	0	0	0	0	24	12	0	0	0	0	0	0	0	0	0	0	0	0	0	0	0	0	19	0	18	18
Input7	0	0	0	0	0	9	8	0	9	14	19	18	16	0	0	0	0	0	0	0	0	0	0	0	0	0	0	0	0	0	0	0	0	0	0	0	0	0	0	0	0	0	0	0	0	0	0	0	0	0	0	0	0	0	0	0	0	0	0	0	0	0	0	0	0	0	0	0	0	0	0	0	0	0	0	0	0	0	0	0	0	0	0	0	0	0	0	0	0	0	0	0	0	0	0	0	0	0	0	0	0	0	0	0	10	0	0	0	0	0	0	0	0	0	0	0	0	0	0	0	0	0	0	0	0	0	0	0	0	0	0	0	0	0	0	8	0	0	0	0	0	0	0	8	8	17	0	8	8	0	0	0	0	0	0	0	0	0
Input8	10	10	10	10	10	10	13	10	10	10	10	12	12	10	10	10	10	10	10	10	10	10	10	10	10	8	12	14	10	10	10	14	10	10	10	12	12	10	10	10	4	5	5	5	5	5	10	10	14	10	6	6	6	10	12	12	12	10	11	10	10	11	11	10	10	10	10	10	10	10	10	10	10	10	10	10	10	10	10	10	10	10	5	4	4	4	5	5	5	5	5	5	5	5	5	5	5	5	0	5	5	5	5	5	5	5	0	5	0	0	0	0	5	5	5	0	0	3.5	5	5	5	5	5	5	5	10	10	10	10	10	13	10	13	10	10	13	8	8	8	8	8	8	10	13	13	13	10	13	13	10	8	8	6	10	10	10	10	10
Input9	0	0	0	0	0	0	0	0	0	0	0	0	0	0	0	0	0	0	0	0	0	0	0	0	0	0	0	0	0	0	0	0	0	0	0	0	0	0	0	0	0	0	0	0	0	0	0	0	0	0	0	0	0	0	0	0	0	0	0	0	0	0	0	0	0	0	0	0	0	0	0	0	0	0	0	0	0	0	0	0	0	0	0	0	0	0	0	0	0	0	0	0	0	0	0	0	0	0	12	0	0	0	0	0	0	0	22	0	28	20	15	10	0	0	0	10	28	0	0	0	0	0	0	0	0	0	0	0	0	0	0	0	0	0	0	0	0	0	0	0	0	0	0	0	0	0	0	0	0	0	0	0	0	0	0	0	0	0
Input10	0	0	0	0	0	0	0	0	0	0	0	0	0	0	0	0	0	0	0	0	0	0	0	0	0	0	0	0	0	0	0	0	0	0	0	0	0	0	0	0	0	0	0	0	0	0	0	0	0	0	0	0	0	0	0	0	0	0	0	0	0	0	0	0	0	0	0	0	0	0	0	0	0	0	0	0	0	0	0	0	0	0	0	10	10	10	0	12	12	10	10	0	10	10	12	12	12	12	10	0	10	12	15	15	15	15	10	0	0	10	15	20	26	0	0	0	0	0	0	0	0	0	0	0	0	0	0	0	0	0	0	0	0	0	0	0	0	0	0	0	0	0	0	0	0	0	0	0	0	0	0	0	0	0	0	0	0	0
Input11	0	0	0	0	0	0	0	0	0	0	0	0	0	0	0	0	0	0	0	0	0	0	0	0	0	0	0	0	0	0	0	0	0	0	0	0	0	0	0	0	0	0	0	0	0	0	0	0	0	0	0	0	0	0	0	0	0	0	0	0	0	0	0	0	0	0	0	0	0	0	0	0	0	0	0	0	0	0	0	0	0	0	0	0	0	0	0	0	0	0	0	0	0	0	0	0	0	0	0	0	0	0	0	0	0	0	0	0	0	0	0	0	0	0	0	0	0	0	0	0	5	10	15	15	0	0	0	0	0	0	0	0	0	0	0	0	0	0	0	0	0	0	0	0	0	0	0	0	0	0	0	0	0	0	0	0	0	0
Input12	0	0	0	0	0	0	0	0	0	0	0	0	5	0	0	0	0	0	0	0	5	5	0	0	0	0	0	0	0	0	0	0	0	0	0	0	0	0	0	0	0	0	0	0	0	0	0	5	5	5	0	0	0	0	0	0	0	0	0	0	0	0	0	0	0	0	0	0	0	0	0	0	0	0	0	0	0	0	0	0	0	0	0	0	0	0	0	0	0	0	0	0	0	0	0	0	0	0	0	0	0	0	0	0	0	0	0	0	0	0	0	0	0	0	0	0	0	0	0	0	0	0	0	0	10	0	0	0	0	0	0	0	0	0	0	0	0	0	0	0	0	0	0	0	0	0	0	0	0	0	0	0	0	0	0	0	0	0
Input13	0	0	0	0	0	0	0	0	0	0	0	0	0	0	0	0	0	0	0	0	0	0	0	0	0	0	0	0	0	0	0	0	0	0	0	0	0	0	0	0	0	0	0	0	0	0	0	0	0	0	0	0	0	0	0	0	0	0	0	0	0	0	0	0	0	0	0	0	0	0	0	0	10	0	0	0	0	0	0	0	0	0	0	0	0	35	0	0	0	0	0	0	0	0	0	0	0	0	0	0	0	0	0	0	0	0	0	0	0	0	0	0	0	0	0	0	0	0	0	0	0	0	0	0	0	0	0	0	0	0	0	0	0	0	0	0	0	0	0	0	0	0	0	0	0	0	0	0	0	0	0	0	0	0	0	0	0	0
Input14	16	16	0	0	0	0	0	0	0	0	0	0	0	0	20	25	38	15	15	0	15	8	14	20	0	0	0	0	0	0	0	28	0	0	0	0	0	0	0	0	42	34	22	10	0	0	0	0	0	22	0	0	0	0	18	0	21	0	21	21	0	18	25	0	0	15	15	15	0	0	0	0	0	0	0	0	0	0	0	0	0	0	25	35	35	0	25	0	0	35	35	25	30	35	35	0	0	0	32	25	25	25	22	25	25	25	22	25	24	22	22	22	23	25	0	0	24	17.5	0	25	21	17	15	15	17	16	0	0	0	16	15	0	0	0	0	0	15	15	15	15	15	15	0	0	0	20	0	0	0	0	0	0	0	0	0	0	0	0
Input15	0	0	0	0	0	0	0	0	0	0	0	0	0	0	0	0	0	0	0	0	0	0	0	0	0	0	0	0	0	0	0	0	0	0	0	0	0	0	0	0	0	0	0	0	10	10	0	14	18	0	32	32	35	0	0	15	0	0	0	0	0	0	0	0	13	0	0	0	0	12	12	12	0	0	0	0	0	0	0	0	0	0	0	0	0	0	0	26	30	0	0	0	0	0	0	20	25	20	0	0	0	0	0	0	0	0	0	0	0	0	0	0	0	0	0	0	0	0	0	0	0	0	0	0	0	0	0	0	0	0	0	0	0	0	0	0	0	0	0	0	0	0	0	0	0	0	0	0	0	21	28	32	32	21	21	21	20	15
Input16	0	0	0	0	0	0	0	0	0	0	0	0	0	0	0	0	0	0	0	0	0	0	0	0	0	0	0	0	0	0	0	0	0	0	0	0	0	0	0	0	0	0	0	0	0	0	0	0	0	0	0	0	0	0	0	0	0	0	0	0	0	0	0	0	0	0	0	0	0	0	0	0	0	0	0	0	0	0	0	0	0	0	0	0	0	0	0	0	0	0	0	0	0	0	0	0	0	0	0	0	0	0	0	0	0	0	0	0	0	0	0	0	0	0	0	0	0	0	0	0	0	0	0	0	0	0	0	0	0	0	0	0	0	0	0	0	0	0	0	0	0	0	0	0	0	0	0	0	0	0	0	0	0	0	0	0	0	0
Input17	0	0	0	0	0	0	0	0	0	0	0	0	0	0	0	0	0	0	0	0	0	0	0	0	0	0	0	0	0	0	0	0	0	0	0	0	0	0	0	0	0	0	0	0	0	0	0	0	0	0	0	0	0	0	0	0	0	0	0	0	0	0	0	0	0	0	0	0	0	0	0	0	0	0	0	0	0	0	0	0	0	0	0	0	0	0	0	0	0	0	0	0	0	0	0	0	0	0	0	0	0	0	0	0	0	0	0	0	0	0	0	0	0	0	0	0	0	0	0	0	0	0	0	0	0	0	0	0	0	0	0	0	0	0	0	0	0	0	0	0	0	0	0	23	0	0	0	0	0	0	0	0	0	0	0	0	0	0
Input18	0	0	0	0	0	0	0	0	0	0	0	30	22	0	0	0	0	0	0	0	0	0	0	0	0	0	0	0	0	0	0	0	0	0	0	0	0	0	0	0	0	0	0	0	0	0	0	0	0	0	0	0	0	0	0	0	0	0	0	0	0	0	0	0	0	0	0	0	0	0	0	0	0	0	0	0	0	0	0	0	0	0	0	0	0	0	0	0	0	0	0	0	0	0	0	0	0	0	0	0	0	0	0	0	0	0	0	0	0	0	0	0	0	0	0	0	0	0	0	0	0	0	0	0	0	0	0	0	0	0	0	0	0	0	0	0	0	0	0	0	0	0	0	0	0	0	0	0	29	0	0	0	0	0	0	0	0	0
Input19	0	0	21	21	21	21	24	35	35	35	35	0	0	35	0	0	0	0	0	35	0	0	0	0	35	35	35	35	35	35	36	0	35	32	35	20	20	21	12	12	0	0	0	0	0	0	12	0	0	0	0	0	0	12	0	0	0	12	0	0	12	0	0	12	0	0	0	0	12	0	0	0	0	12	10	10	10	10	10	35	12	10	0	0	0	0	0	0	0	0	0	0	0	0	0	0	0	0	0	0	0	0	0	0	0	0	0	0	0	0	0	0	0	0	0	0	0	0	0	0	0	0	0	0	0	0	16	10	0	0	0	16	20	15	21	29	0	0	0	0	0	0	35	0	0	0	35	24	0	0	0	0	0	0	0	0	0	0
Input20	0	0	0	0	0	0	0	0	0	0	0	0	0	0	0	0	0	0	0	0	0	0	0	0	0	0	0	0	0	0	0	0	0	0	0	0	0	0	0	0	0	0	0	0	0	0	0	0	0	0	0	0	0	0	0	0	0	0	0	0	0	0	0	0	0	0	0	0	0	0	0	0	0	0	0	0	0	0	0	0	0	0	0	0	0	0	0	0	0	0	0	0	0	0	0	0	0	0	0	0	0	0	0	0	0	0	0	0	0	0	0	0	0	0	0	0	0	0	0	0	0	0	0	46	0	0	0	0	0	0	0	0	0	0	0	0	0	0	0	0	0	0	0	0	0	0	0	0	0	0	0	0	0	0	0	0	0	0
Input21	0	0	0	0	0	0	0	0	0	0	0	0	0	0	0	0	0	0	0	0	0	0	0	0	0	0	0	0	0	0	0	0	0	0	0	0	0	0	0	0	0	0	0	0	0	0	0	0	0	0	0	0	0	0	0	0	0	0	0	0	0	0	0	0	0	0	0	0	0	0	0	0	0	0	0	0	0	0	0	0	0	0	0	0	35	35	0	0	0	0	0	0	0	0	0	0	0	0	0	0	0	0	0	0	0	0	0	0	0	0	0	0	0	0	0	0	0	0	0	0	0	0	0	0	0	0	0	0	0	0	0	0	0	0	0	0	0	0	0	0	0	0	0	0	0	0	0	0	0	0	0	0	0	0	0	0	0	0
Input22	52	52	50	51.5	50	50	45	36	36	36	36	40	45	36	46	36	23	46	44	36	50	57	55	49	36	36	36	35	36	36	36.5	40	36	40.5	36	50	50	51	57	57	32	39	51	63	63	63	57	51	45	41	39	39	34	57	48	51	45	57	46	46	57	50	40	57	54	52	52	52	57	57	57	57	59	57	56	56	56	56	56	36	57	57	48	35	0	0	48	42	38	35	35	48	39	34	33	47	42	47	36	48	45	45	45	45	45	45	46	48	48	48	48	48	46	48	20	20	48	33.6	28	48	48	48	46	0	48	52	54	60	70	52	50	52	47	50	50	40	53	53	53	53	53	53	36	46	54	50	36	45	40	50	43	39	40	50	50	50	52	57
Input23	0	0	0	0	0	0	0	0	0	0	0	0	0	0	5	10	10	10	10	0	0	0	0	0	0	0	0	0	0	0	0	0	0	0	0	0	0	0	0	0	0	0	0	0	0	0	0	0	0	0	0	0	0	0	0	0	0	0	0	0	0	0	0	0	0	0	0	0	0	0	0	0	0	0	0	0	0	0	0	0	0	0	0	0	0	0	0	0	0	0	0	0	0	0	0	0	0	0	0	0	0	0	0	0	0	0	0	0	0	0	0	0	0	0	0	0	0	0	0	0	0	0	0	0	0	0	0	0	0	0	0	0	0	0	0	0	0	0	0	0	0	0	0	0	15	0	0	0	0	0	0	0	0	0	0	0	0	0
Input24	0	0	0	0	0	0	0	0	0	0	0	0	0	0	0	0	0	0	0	0	0	0	0	0	0	0	0	0	0	0	0	0	0	0	0	0	0	0	0	0	0	0	0	0	0	0	0	0	0	0	0	0	0	0	0	0	0	0	0	0	0	0	0	0	0	0	0	0	0	0	0	0	0	0	0	0	0	0	0	0	0	0	0	0	0	0	0	0	0	0	0	0	0	0	0	0	0	0	0	0	0	0	0	0	0	0	0	0	0	0	0	0	0	0	0	0	0	0	0	0	0	0	0	0	0	0	0	0	0	0	0	0	0	0	0	0	0	0	0	0	0	0	0	0	0	0	0	0	0	0	0	0	0	0	0	0	0	0
Input25	0	0	0	0	0	0	0	0	0	0	0	0	0	0	0	0	0	0	0	0	0	0	0	0	0	0	0	0	0	0	0	0	0	0	0	0	0	0	0	0	0	0	0	0	0	0	0	0	0	0	0	0	0	0	0	0	0	0	0	0	0	0	0	0	0	0	0	0	0	0	0	0	0	0	0	0	0	0	0	0	0	0	0	0	0	0	0	0	0	0	0	0	0	0	0	0	0	0	0	0	0	0	0	0	0	0	0	0	0	0	0	0	0	0	0	0	0	0	0	0	0	0	0	0	0	0	0	0	0	0	0	0	0	0	0	0	0	0	0	0	0	0	0	0	0	0	0	0	0	0	0	0	0	0	0	0	0	0
Input26	0	0	0	0	0	0	0	0	0	0	0	0	0	0	0	0	0	0	0	0	0	0	0	0	0	0	0	0	0	0	0	0	0	0	0	0	0	0	0	0	0	0	0	0	0	0	0	0	0	0	0	0	0	0	0	0	0	0	0	0	0	0	0	0	0	0	0	0	0	0	0	0	0	0	0	0	0	0	0	0	0	0	0	0	0	0	0	0	0	0	0	0	0	0	0	0	0	0	0	0	0	0	0	0	0	0	0	0	0	0	0	0	0	0	0	0	0	0	0	0	0	0	0	0	0	0	0	0	0	0	0	0	0	0	0	0	0	0	0	0	0	0	0	0	0	0	0	0	0	0	0	0	0	0	0	0	0	0
Input27	0	0	0	0	0	0	0	0	0	0	0	0	0	0	0	0	0	0	0	0	0	0	0	0	0	0	0	0	0	0	0	0	0	0	0	0	0	0	0	0	0	0	0	0	0	0	0	0	0	0	0	0	0	0	0	0	0	0	0	0	0	0	0	0	0	0	0	0	0	0	0	0	0	0	0	0	0	0	0	0	0	0	0	0	0	0	0	0	0	0	0	0	0	0	0	0	0	0	0	0	0	0	0	0	0	0	0	0	0	0	0	0	0	0	0	0	0	0	0	0	0	0	0	0	0	0	0	0	0	0	0	0	0	0	0	0	0	0	0	0	0	0	0	0	0	0	0	0	0	0	0	0	0	0	0	0	0	0
Input28	0	0	0	0	0	0	0	0	0	0	0	0	0	0	0	0	0	0	0	0	0	0	0	0	0	0	0	0	0	0	0	0	0	0	0	0	0	0	0	0	0	0	0	0	0	0	0	0	0	0	0	0	0	0	0	0	0	0	0	0	0	0	0	0	0	0	0	0	0	0	0	0	0	0	0	0	0	0	0	0	0	0	0	0	0	0	0	0	0	0	0	0	0	0	0	0	0	0	0	0	0	0	0	0	0	0	0	0	0	0	0	0	0	0	0	0	0	0	0	0	0	0	0	0	0	0	0	0	0	0	0	0	0	0	0	0	0	0	0	0	0	0	0	0	0	0	0	0	0	0	0	0	0	0	0	0	0	0
Input29	0	0	0	0	0	0	0	0	0	0	0	0	0	0	0	0	0	0	0	0	0	0	0	0	0	0	0	0	0	0	0	0	0	0	0	0	0	0	0	0	0	0	0	0	0	0	0	0	0	0	0	0	0	0	0	0	0	0	0	0	0	0	0	0	0	0	0	0	0	0	3	0	0	0	0	0	0	0	0	0	0	0	0	0	0	0	0	0	0	0	0	0	0	0	0	0	0	0	0	0	0	0	0	0	0	0	0	0	0	0	0	0	0	0	0	0	0	0	0	0	0	0	0	0	0	0	0	0	0	0	0	0	0	0	0	0	0	0	0	0	0	0	0	0	0	0	0	0	0	0	0	0	0	0	0	0	0	0
Input30	0	0	0	0	0	0	0	0	0	0	0	0	0	0	0	0	0	0	0	0	0	0	0	0	0	0	0	0	0	0	0	0	0	0	0	0	0	0	0	0	0	0	0	0	0	0	0	0	0	0	0	0	0	0	0	0	0	0	0	0	0	0	0	0	0	0	0	0	0	0	0	0	0	0	0	0	0	0	0	0	0	0	0	0	0	0	0	0	0	0	0	0	0	0	0	0	0	0	0	0	0	0	0	0	0	0	0	0	0	0	0	0	0	0	0	0	0	0	0	0	0	0	0	0	0	0	0	0	0	0	0	0	0	0	0	0	0	0	0	0	0	0	0	0	0	0	0	0	0	0	0	0	0	0	0	0	0	0
Input31	0	0	0	0	0	0	0	0	0	0	0	0	0	0	0	0	0	0	0	0	0	0	0	0	0	0	0	0	0	0	0	0	0	0	0	0	0	0	3	3	0	0	0	0	0	0	3	0	0	0	0	0	0	3	3	3	3	3	3	3	3	5	5	3	5	5	5	5	3	3	0	3	3	3	6	6	6	6	6	0	3	5	0	0	0	0	0	0	0	0	0	0	0	0	0	0	0	0	0	0	0	0	0	0	0	0	0	0	0	0	0	0	0	0	0	0	0	0	0	0	0	0	0	0	0	0	0	0	0	0	0	0	0	0	0	0	0	0	0	0	0	0	0	0	0	0	0	0	0	0	0	0	0	0	0	0	0	0
Input32	1.2	1.2	2	2	2	2	2	2	2	2	2	1.2	1.2	2	2	2	2	2	1.2	2	1.2	1.2	1.2	1.2	2	2	2	2	2	2	2	1	2	2	2	1.5	1.5	1.5	1.5	1.5	1.5	2	2	2	2	2	1.5	1	1	1	1.5	2	2	1.5	1.5	1	1	1.5	1.5	1.5	1.5	1.5	1.5	1.5	1.5	1.5	1.5	1.5	1.5	1.5	1.5	1.5	1.5	1.5	1.5	1.5	1	1	1	2	1.5	1.5	1.5	1.5	1.5	1.5	1.5	1.5	1.5	1.5	1.5	1.5	1.5	1.5	1.5	1.5	1.5	1.5	1.5	1.5	1.5	1.5	1.5	1.5	1.5	1.5	1.5	1.5	1.5	1.5	1.5	1.5	1	1.5	1	1	1	1.1	1	1.5	1.5	1.5	1.5	1.5	1.5	1.2	1.2	1.2	1.2	1.2	1.2	1.2	1.2	1.2	2	1.2	1.2	1.2	1.2	1.2	1.2	1.2	2	1.2	1.2	1.2	2	1.2	1	2	1.5	1	1	2	2	2	2	2
Input33	0	0	0	0	0	0	0	0	0	0	0	0	0	0	0	0	0	0	0	0	0	0	0	0	0	0	0	0	0	0	0	0	0	0	0	0	0	0	0	0	0	0	0	0	0	0	0	0	0	0	0	0	0	0	0	0	0	0	0	0	0	0	0	0	0	0	0	0	0	0	0	0	0	0	0	0	0	0	0	0	0	0	0	0	0	0	0	0	0	0	0	0	0	0	0	0	0	0	0	0	0	0	0	0	0	0	0	0	0	0	0	0	0	0	0	0	0	0.14	0.2	0	0	0	0	0	0	0	0	0	0	0	0	0	0	0	0	0	0	0	0	0	0	0	0	0	0	0	0	0	0	0	0	0	0	0	0	0	0	0
Input34	0.2	0.2	0.2	0.2	0.2	0.2	0.2	0.2	0.2	0.2	0.2	0.2	0.2	0.2	0.2	0.2	0.2	0.2	0.2	0.2	0.2	0.2	0.2	0.2	0.2	0.2	0.2	0.2	0.2	0.2	0.2	0.2	0.2	0.2	0.2	0.2	0.2	0.2	0.2	0.2	0.2	0.2	0.2	0.2	0.2	0.2	0.2	0.2	0.2	0.2	0.2	0.2	0.2	0.2	0.2	0.2	0.2	0.2	0.2	0.2	0.2	0.2	0.2	0.2	0.2	0.2	0.2	0.2	0.2	0.2	0.2	0.2	0.2	0.2	0.2	0.2	0.2	0.2	0.2	0.2	0.2	0.2	0.2	0.2	0.2	0.2	0.2	0.2	0.2	0.2	0.2	0.2	0.2	0.2	0.2	0.2	0.2	0.2	0.2	0.2	0.2	0.2	0.2	0.2	0.2	0.2	0.2	0.2	0.2	0.2	0.2	0.2	0.1	0.2	0.1	0.1	0.1	0	0	0.2	0.2	0.2	0.2	0.2	0.2	0.2	0.2	0.2	0.2	0.2	0.2	0.2	0.2	0.2	0.2	0.2	0.2	0.2	0.2	0.2	0.2	0.2	0.2	0.2	0.2	0.2	0.2	0.2	0.2	0.2	0.2	0.2	0.2	0.2	0.2	0.2	0.2	0.2
Input35	0	0	0.2	0.2	0.2	0.2	0.2	0.2	0.2	0.2	0.2	0.2	0.2	0.2	0.2	0.2	0.2	0.2	0.2	0.2	0	0	0	0	0.2	0.2	0.2	0.2	0.2	0.2	0.2	0.2	0.2	0.2	0.2	0	0.2	0	0.2	0.2	0	0	0	0	0	0	0.2	0	0	0	0	0	0	0.2	0.2	0.2	0.2	0.2	0.2	0.2	0.2	0.2	0.2	0.2	0	0	0	0	0.2	0.2	0.2	0.2	0.2	0.2	0.2	0	0	0	0	0.2	0	0	0	0	0	0	0	0	0	0	0	0	0	0	0	0	0	0	0	0	0	0	0	0	0	0	0	0	0	0	0	0	0	0	0	0	0	0	0	0	0	0	0	0	0	0	0	0	0	0	0	0	0	0	0.2	0.2	0.2	0.2	0.2	0	0	0	0.2	0.2	0.2	0.2	0.2	0.2	0.2	0	0.2	0.2	0.2	0	0	0	0	0
Input36	0.2	0.2	0	0	0	0	0	0	0	0	0	0	0	0	0	0	0	0	0	0	0	0	0	0	0	0	0	0	0	0	0	0	0	0	0	0	0	0.2	0	0	0	0	0	0	0	0	0	0	0	0	0	0	0	0	0	0	0	0	0	0	0	0	0	0	0	0	0	0	0	0	0	0	0	0	0	0	0	0	0	0	0	0	0	0	0	0	0	0	0	0	0	0	0	0	0	0	0	0	0	0	0	0	0	0	0	0	0	0	0	0	0	0	0	0	0	0	0	0	0	0	0	0	0	0	0	0.2	0.2	0.2	0.2	0.2	0.2	0.2	0.2	0.2	0	0	0	0	0	0.2	0.5	0	0	0	0	0	0	0	0	0	0	0	0	0	0	0	0	0
Input37	0.1	0.1	0.25	0.25	0.25	0.25	0.25	0	0.25	0.25	0.25	0.1	0.1	0	0	0	0	0	0.15	0	0.15	0.15	0.15	0.15	0	0	0	0	0	0	0	0.15	0	0	0	0.25	0.25	0.25	0.2	0.2	0.15	0.15	0.15	0.15	0.15	0.15	0.2	0.15	0.15	0.15	0.15	0.15	0.15	0.2	0.2	0.2	0.2	0.2	0.2	0.2	0.2	0.2	0.2	0.2	0.2	0.2	0.2	0.2	0.2	0.2	0.2	0.2	0.2	0.2	0.2	0.2	0.2	0.2	0.2	0	0.2	0.2	0.15	0.15	0.15	0.15	0.15	0.15	0.15	0.15	0.1	0.15	0.15	0.15	0.15	0.15	0.15	0.15	0.15	0.15	0.15	0.15	0.15	0.15	0.15	0.15	0.15	0.15	0.1	0.1	0.1	0.1	0.1	0.1	0.1	0.1	0.1	0.105	0.1	0.15	0.15	0.15	0.15	0.15	0.15	0.1	0.1	0.1	0.1	0.1	0.1	0.1	0.1	0.1	0.25	0.15	0.15	0.15	0.15	0.15	0.15	0.15	0	0.15	0.15	0.15	0	0.15	0.15	0	0.15	0.15	0.15	0	0.25	0	0.25	0.25
Input38	0	0	0	0	0	0	0	0.25	0	0	0	0	0	0.25	0.25	0.25	0.25	0.25	0	0.25	0	0	0	0	0.25	0.25	0.25	0.25	0.25	0.25	0.25	0	0.25	0.25	0.25	0	0	0	0	0	0	0	0	0	0	0	0	0	0	0	0	0	0	0	0	0	0	0	0	0	0	0	0	0	0	0	0	0	0	0	0	0	0	0	0	0	0	0	0	0.25	0	0	0	0	0	0	0	0	0	0	0	0	0	0	0	0	0	0	0	0	0	0	0	0	0	0	0	0	0	0	0	0	0	0	0	0	0	0	0	0	0	0	0	0	0	0	0	0	0	0	0	0	0	0	0	0	0	0	0	0	0	0	0.25	0	0	0	0.25	0	0	0.25	0	0	0	0.25	0	0.25	0	0
Input39	0.1	0.1	0.25	0.25	0.25	0.25	0.25	0	0.25	0.25	0.25	0.1	0.1	0	0	0	0	0	0.15	0	0.15	0.15	0.15	0.15	0	0	0	0	0	0	0	0.15	0	0	0	0.25	0.25	0.25	0.2	0.2	0.15	0.15	0.15	0.15	0.15	0.15	0.2	0.15	0.15	0.15	0.15	0.15	0.15	0.2	0.2	0.2	0.2	0.2	0.2	0.2	0.2	0.2	0.2	0.2	0.2	0.2	0.2	0.2	0.2	0.2	0.2	0.2	0.2	0.2	0.2	0.2	0.2	0.2	0.2	0	0.2	0.2	0.15	0.15	0.15	0.15	0.15	0.15	0.15	0.15	0.1	0.15	0.15	0.15	0.15	0.15	0.15	0.15	0.15	0.15	0.15	0.15	0.15	0.15	0.15	0.15	0.15	0.15	0.1	0.1	0.1	0.1	0.1	0.1	0.1	0.1	0.1	0.105	0.1	0.15	0.15	0.15	0.15	0.15	0.15	0.1	0.1	0.1	0.1	0.1	0.1	0.1	0.1	0.1	0.25	0.15	0.15	0.15	0.15	0.15	0.15	0.15	0	0.15	0.15	0.15	0	0.15	0.15	0	0.15	0.15	0.15	0	0.25	0	0.25	0.25
Input40	0	0	0	0	0	0	0	0.25	0	0	0	0	0	0.25	0.25	0.25	0.25	0.25	0	0.25	0	0	0	0	0.25	0.25	0.25	0.25	0.25	0.25	0.25	0	0.25	0.25	0.25	0	0	0	0	0	0	0	0	0	0	0	0	0	0	0	0	0	0	0	0	0	0	0	0	0	0	0	0	0	0	0	0	0	0	0	0	0	0	0	0	0	0	0	0	0.25	0	0.25	0	0	0	0	0	0	0	0	0	0	0	0	0	0	0	0	0	0	0	0	0	0	0	0	0	0	0	0	0	0	0	0	0	0	0	0	0	0	0	0	0	0	0	0	0	0	0	0	0	0	0	0	0	0	0	0	0	0	0	0	0.25	0	0	0	0.25	0	0	0.25	0	0	0	0.25	0	0.25	0	0
Input41	0	0	0	0	0	0	0	0	0	0	0	0	0	0	0	0	0	0	0	0	0	0	0	0	0	0	0	0	0	0	0	0	0	0	0	0	0	0	0	0	0	0	0	0	0	0	0	0	0	0	0	0	0	0	0	0	0	0	0	0	0	0	0	0	0	0	0	1	0	0	0	0	0	0	0	1.5	1.5	1.5	0	0	0	0	0	0	0	0	0	0	0	0	0	0	0	0	0	0	0	0	0	0	0	0	0	0	0	0	0	0	0	0	0	0	0	0	0	0	0	0	0	0	0	0	0	0	0	0	0	0	0	0	0	0	0	0	0	0	0	0	0	0	0	0	0	0	0	0	0	0	0	0	0	0	0	0	0	0	0	0
Input42	0	0	0	0	0	0	0	0	0	0	0	0	0	0	0	0	0	0	0	0	0	0	0	0	0	0	0	0	0	0	0	0	0	0	0	0	0	0	0	0	0	0	0	0	0	0	0	0	0	0	0	0	0	0	0	0	2	0	0	0	0	0	0	0	0	0	2	0	0	0	0	3	3	0	0	0	0	5	5	0	0	0	0	0	0	0	0	0	0	0	0	0	0	0	0	0	0	0	0	0	0	0	0	0	0	0	0	0	0	0	0	0	0	0	0	0	0	0	0	0	0	0	0	0	0	0	0	0	0	0	0	0	0	0	0	0	0	0	0	0	0	0	0	0	0	0	0	0	0	0	0	0	0	0	0	0	0	0
Input43	101.8	101.8	102.9	102.9	102.9	102.9	102.9	102.9	102.9	102.9	102.9	101.8	101.8	102.9	102.9	102.9	102.9	102.9	101.9	102.9	101.7	101.7	101.7	101.7	102.9	102.9	102.9	102.9	102.9	102.9	102.9	101.7	102.9	102.9	102.9	102.2	102.4	102.4	102.3	102.3	102	102.5	102.5	102.5	102.5	102.5	102.3	101.5	101.5	101.5	102	102.5	100.5	102.3	102.3	101.8	103.8	102.3	102.3	102.3	102.3	104.3	102.3	102.3	102.1	102.1	104.1	103.1	102.3	102.3	102.3	105.3	105.3	102.3	102.3	103.6	103.1	108.1	106.6	102.9	102.1	102.35	102	102	102	102	102	102	102	102	101.9	102	102	102	102	102	102	102	102	102	102	102	102	102	102	102	102	102	101.9	101.9	101.9	101.9	123.3	101.9	101.3	101.3	101.3	101.45	101.4	102	102	102	102	102	102	101.8	101.8	101.8	101.8	101.8	101.8	101.8	101.8	101.8	102.9	101.9	101.9	101.9	101.9	101.9	102.2	101.7	102.9	101.9	101.9	101.9	102.9	101.9	101.7	102.7	102.2	101.7	100.7	102.7	102.7	102.7	102.7	102.7
Prop1	18.6	16	20.7	23.2	20.9	20.4	16.7	21.3	21.1	21.6	21.7	20.4	19.8	20.1	25.5	27.2	28.3	27.2	24.1	19.6	18.9	19.4	20.3	20.8	19	19.1	19.2	18.7	19.9	20.3	20.2	18	24.5	23.2	20.4	21	18.6	20.4	21.9	20.6	29.1	30.3	28.5	27.2	27.6	30.3	21.8	21	19.3	18.5	28.5	31.2	29	21.3	20.7	21	21.9	21.8	20.8	21	22.8	23.2	20.6	22.1	25.7	23.1	25.2	25.6	21.6	25.2	25.8	28.8	24	21.8	20.8	23.7	21.7	25.5	23.1	21	23.8	22.2	25.8	24.6	25.3	17.6	24.5	22.5	24.1	23	21.8	24	21.4	22.1	21.8	21.3	22.6	21.4	24.2	24	22.5	22.7	20.5	22.6	25.3	23.5	21.4	25.4	25.5	25.3	26.4	26.3	23.6	26.7	24.4	26.4	24.3	27.6	25.4	26.1	26	26.1	26.5	26.5	21.9	18.6	18	18.7	19.8	19.2	16.1	16.2	15.2	16.2	21	17.6	21	20.7	20.1	20.1	21	19.8	18.6	17.7	15.3	24.5	22	26.2	26.2	26.8	26.1	23	24.9	29.7	27.6	26.2	31.7	30.1
Prop2	#N/A	#N/A	22.1	26.4	#N/A	#N/A	#N/A	#N/A	#N/A	#N/A	#N/A	#N/A	#N/A	22.8	22	20.4	20.2	20.7	22.9	22.9	25.541	23.47866667	22.92966667	23.287	#N/A	#N/A	#N/A	#N/A	#N/A	#N/A	#N/A	#N/A	17.644	26.00666667	22.7	27	32.4	29.5	26.8	26.8	23.68866667	24.12	24.935	25.98366667	26.36533333	23.71866667	25.6	22.8	24.3	25.6	20.6	20.5	21.5	25.2	23.8	23.6	23.8	26.5	22.5	23	26.4	21.2	23.6	24.4	25.5	25.4	23.7	26.9	25.46666667	25.76666667	24.9	26.23333333	27.1	27.9	29.1	27.9	24.4	21.3	20.2	21.5	26.5	26.1	#N/A	#N/A	#N/A	#N/A	27.2	21.6	19.7	21	19.3	25.4	25.1	24.6	23.6	24.7	24.2	25.6	23.2	25.3	22.9	19.4	22.6	17.6	13.7	17.3	23.3	26.7	27.5	18.9	14.8	12.7	#N/A	#N/A	#N/A	#N/A	#N/A	24.9	23.9	25.1	25.8	26.9	27.1	27.9	27.9	32.5	30.6	31.2	29.1	31.1	34.5	32.5	33.7	34.9	22.9	28.1	31.4	34.4	34.3	35	33.5	33.7	21.90133333	25.6	27.41833333	#N/A	26.9	32.3	32.7	21	20.09333333	20.408	20.813	18.5	25.7	20.3	21.5	22.1
Prop3	#N/A	#N/A	27.4	34.1	#N/A	#N/A	#N/A	#N/A	#N/A	#N/A	#N/A	#N/A	#N/A	34.9	27.3	27.8	28.2	29.2	33.2	29.139	29.682	28.42666667	26.815	27.069	#N/A	#N/A	#N/A	#N/A	#N/A	#N/A	#N/A	#N/A	24.11966667	37.204	28	35.2	32.4	29.5	30.6	30.6	29.025	31.005	34.14466667	33.61866667	33.35533333	30.57066667	34.2	26.9	30.8	30.9	24.6	25.4	27.9	39.6	36.3	37.2	35	35	28	31.8	41	31	35	36.3	36.2	36.1	31.78	38.8	36.33333333	36.2	35.46666667	35.1	36.4	39.1	40.5	38.7	37.3	27.6	26.6	31.9	38.1	37.2	#N/A	#N/A	#N/A	#N/A	30.8	31.5	28.8	28.6	27.3	32.1	32.8	31.1	30.3	32	31.7	33.2	30.7	29.7	28.5	26.5	30.3	24.2	19.5	23.5	30.9	35.5	26	27.5	20.7	17.4	#N/A	#N/A	#N/A	#N/A	#N/A	28.6	29.4	33	34	35	36	38	37	43.3	42.4	44	39.5	44.2	45.9	44.6	48.1	50	30.1	38.6	41.2	43.6	43.9	44.5	44.8	44.3	29.682	36.61333333	38.59566667	#N/A	432	441	439	30.97566667	28.20566667	28.835	27.098	22.2	33	24.2	27.8	28.9
Prop4	#N/A	#N/A	443	448	#N/A	#N/A	#N/A	#N/A	#N/A	#N/A	#N/A	#N/A	#N/A	432.9	440.4	437.1	437.1	436.1	435.1	430.1	425.32	428.03	427.51	427.99	#N/A	#N/A	#N/A	#N/A	#N/A	#N/A	#N/A	#N/A	462	421	432	425	404	407	453	440	431.04	421.73	424.32	426.69	424.47	429.25	426	433	424	414	427	425	416	440	436	436	435	447	457	453	441	469	450	459	446	444	446	434	444	440	441	430	438	438.3	425.9	427.8	450.8	461.4	463.3	429.44	434.7	435.2	#N/A	#N/A	#N/A	#N/A	456	438	431	450	451	462.8	439.8	442.2	441.6	432.8	429.8	415	428.8	470	452	455	436	457	468	460	425	#N/A	#N/A	#N/A	#N/A	#N/A	#N/A	#N/A	#N/A	#N/A	#N/A	#N/A	#N/A	456	457	450	450	452	443	428.3	452.2	448.4	455.6	442.3	425.1	442.8	441.5	418.5	464.8	461.3	427.8	428.5	433.1	431.2	434.5	426.6	459.25	436.62	443.41	#N/A	71	89	93	106.65	107.45	107.5	107.9	430	418	414	430	428
Prop5	#N/A	#N/A	32	32	#N/A	#N/A	#N/A	#N/A	#N/A	#N/A	#N/A	#N/A	#N/A	48.6	45.7	60.8	51.9	53.8	49.5	62.84	51.25	76.83	68.23	73.06	#N/A	#N/A	#N/A	#N/A	#N/A	#N/A	#N/A	#N/A	25.5	36.1	59.3	76.1	94.2	63.5	53	66	49.41	59.04	54.76	67.15	53.62	50.34	45	36	38	47	33	37	37	34.6	30.9	29.1	26.4	66	62	46	53	44	38	60	35	33	43	45	29	28.8	25.1	24.9	24.4	44.6	71	59.8	52.7	45.6	48.7	57.76	52.54	42.98	#N/A	#N/A	#N/A	#N/A	45	54	74	69	81	65.8	53.6	70.9	69.1	96.1	108.5	79.5	68.5	51	55	61	81	72	68	73	95	#N/A	#N/A	#N/A	#N/A	#N/A	#N/A	#N/A	#N/A	#N/A	#N/A	#N/A	#N/A	61	58	58	80	85	77	63.3	56.4	72	56.5	48.5	70.3	44.6	45.5	64.4	35.8	35	41.3	36.5	49.5	46.8	38.8	65.1	63.47	75.41	73.05	#N/A	790	795	793	436	455	451	458	55	63	67	57	64
Prop6	#N/A	#N/A	832	833	#N/A	#N/A	#N/A	#N/A	#N/A	#N/A	#N/A	#N/A	#N/A	826	853	831	828	835	820	817.47	802.13	818.12	820.98	814.04	#N/A	#N/A	#N/A	#N/A	#N/A	#N/A	#N/A	#N/A	878	810	835	804	770	779	842	830	#N/A	#N/A	#N/A	#N/A	#N/A	#N/A	#N/A	#N/A	#N/A	#N/A	#N/A	#N/A	#N/A	824	805	804	806	846	839	850	805	837	805	860	831	829	827	799	#N/A	#N/A	#N/A	#N/A	#N/A	#N/A	#N/A	#N/A	#N/A	#N/A	#N/A	763.9	747.3	760.7	#N/A	#N/A	#N/A	#N/A	#N/A	#N/A	#N/A	#N/A	#N/A	#N/A	#N/A	#N/A	#N/A	#N/A	#N/A	#N/A	#N/A	#N/A	#N/A	#N/A	#N/A	#N/A	#N/A	#N/A	#N/A	826.57	788.82	774.47	797.1	805.76	#N/A	#N/A	#N/A	#N/A	#N/A	839.8	842.4	#N/A	#N/A	#N/A	#N/A	#N/A	#N/A	#N/A	#N/A	#N/A	#N/A	#N/A	#N/A	#N/A	#N/A	#N/A	#N/A	#N/A	#N/A	#N/A	#N/A	#N/A	#N/A	#N/A	#N/A	#N/A	#N/A	#N/A	28266	27750	27698	48	41	47	54	829	807	767	806	807
Prop7	#N/A	#N/A	28866	29352	#N/A	#N/A	#N/A	#N/A	#N/A	#N/A	#N/A	#N/A	#N/A	28580	30056	28875	28846	28843	28073	#N/A	#N/A	#N/A	#N/A	#N/A	#N/A	#N/A	#N/A	#N/A	#N/A	#N/A	#N/A	#N/A	30266	28761	24498	22765	21744	21473	31170	30621	#N/A	#N/A	#N/A	#N/A	#N/A	#N/A	#N/A	#N/A	#N/A	#N/A	#N/A	#N/A	#N/A	29198	28197	28047	28197	30236	29636	29172	28815	29005	27939	30568	29697	29768	29868	28768	#N/A	#N/A	#N/A	#N/A	#N/A	#N/A	#N/A	#N/A	#N/A	#N/A	#N/A	25040	24978	25179	#N/A	#N/A	#N/A	#N/A	#N/A	#N/A	#N/A	#N/A	#N/A	#N/A	#N/A	#N/A	#N/A	#N/A	#N/A	#N/A	#N/A	#N/A	#N/A	#N/A	#N/A	#N/A	#N/A	#N/A	#N/A	27799	27752	26400	26411	25790	#N/A	#N/A	#N/A	#N/A	#N/A	30482	30413	#N/A	#N/A	#N/A	#N/A	#N/A	#N/A	#N/A	#N/A	#N/A	#N/A	#N/A	#N/A	#N/A	#N/A	#N/A	#N/A	#N/A	#N/A	#N/A	#N/A	#N/A	#N/A	#N/A	#N/A	#N/A	#N/A	#N/A	107	105.9	106.1	832	848	844	855	24315	24093	23293	24754	25000
Prop8	#N/A	#N/A	107.3	107.75	#N/A	#N/A	#N/A	#N/A	#N/A	#N/A	#N/A	#N/A	#N/A	106.7	107.3	107.8	107.7	107.9	107.2	#N/A	#N/A	#N/A	#N/A	#N/A	#N/A	#N/A	#N/A	#N/A	#N/A	#N/A	#N/A	#N/A	108.9	106.5	#N/A	#N/A	#N/A	#N/A	#N/A	#N/A	#N/A	#N/A	#N/A	#N/A	#N/A	#N/A	#N/A	#N/A	#N/A	#N/A	#N/A	#N/A	#N/A	107.5	106.5	106.7	107.2	#N/A	#N/A	#N/A	#N/A	#N/A	#N/A	#N/A	#N/A	#N/A	#N/A	#N/A	#N/A	#N/A	#N/A	#N/A	#N/A	105.4	105.6	105.8	108.5	108.8	109.2	#N/A	#N/A	#N/A	#N/A	#N/A	#N/A	#N/A	#N/A	#N/A	#N/A	#N/A	#N/A	#N/A	#N/A	#N/A	#N/A	#N/A	#N/A	#N/A	#N/A	#N/A	#N/A	#N/A	#N/A	#N/A	#N/A	#N/A	#N/A	#N/A	#N/A	#N/A	#N/A	#N/A	#N/A	#N/A	#N/A	#N/A	#N/A	108.5	108.4	#N/A	#N/A	#N/A	#N/A	#N/A	#N/A	#N/A	#N/A	#N/A	#N/A	#N/A	#N/A	#N/A	#N/A	#N/A	#N/A	#N/A	#N/A	#N/A	#N/A	#N/A	#N/A	#N/A	107.3	106.2	106.2	#N/A	#N/A	#N/A	#N/A	30185	30086	29900	30350	#N/A	#N/A	105.8	107.6	107
Prop9	#N/A	#N/A	90.8	92.6	#N/A	#N/A	#N/A	#N/A	#N/A	#N/A	#N/A	#N/A	#N/A	95.1	95.5	96.3	96.8	95.6	94.4	#N/A	#N/A	#N/A	#N/A	#N/A	#N/A	#N/A	#N/A	#N/A	#N/A	#N/A	#N/A	#N/A	#N/A	#N/A	#N/A	#N/A	#N/A	#N/A	84.81	84.53	#N/A	#N/A	#N/A	#N/A	#N/A	#N/A	#N/A	#N/A	#N/A	#N/A	#N/A	#N/A	#N/A	91.3	92.7	93.5	92.1	94.7	94.6	89.7	94.3	95.6	96.3	92.7	92.8	92	93.3	95	94.2	93.6	93.2	9.9	92.8	92.4	92.23333333	88.73333333	90.75	88.5	94	#N/A	#N/A	#N/A	#N/A	#N/A	#N/A	#N/A	#N/A	#N/A	#N/A	#N/A	#N/A	#N/A	#N/A	#N/A	#N/A	#N/A	#N/A	#N/A	#N/A	#N/A	#N/A	#N/A	#N/A	#N/A	#N/A	#N/A	#N/A	#N/A	#N/A	#N/A	#N/A	#N/A	#N/A	#N/A	#N/A	#N/A	#N/A	91.5	91.2	#N/A	#N/A	#N/A	#N/A	#N/A	#N/A	#N/A	#N/A	#N/A	#N/A	#N/A	#N/A	#N/A	#N/A	#N/A	#N/A	#N/A	#N/A	#N/A	#N/A	#N/A	#N/A	#N/A	#N/A	#N/A	#N/A	#N/A	#N/A	#N/A	#N/A	#N/A	#N/A	#N/A	#N/A	#N/A	#N/A	#N/A	#N/A	#N/A
Prop10	#N/A	#N/A	83.8	85.08	#N/A	#N/A	#N/A	#N/A	#N/A	#N/A	#N/A	#N/A	#N/A	83.49	82.73	83.39	83.92	83.05	83.86	#N/A	#N/A	#N/A	#N/A	#N/A	#N/A	#N/A	#N/A	#N/A	#N/A	#N/A	#N/A	#N/A	#N/A	#N/A	#N/A	#N/A	#N/A	#N/A	-3.35	-3.37	#N/A	#N/A	#N/A	#N/A	#N/A	#N/A	#N/A	#N/A	#N/A	#N/A	#N/A	#N/A	#N/A	83.95	84.22	84.38	84.64	83.5	83.2	84.3	84.1	84.1	84.8	84.12	84.55	84.92	85.01	85.24	84.47	84.57	84.67	84.13	84.7	86.64	87.16	87.4	85.17	84.89	84.64	#N/A	#N/A	#N/A	#N/A	#N/A	#N/A	#N/A	#N/A	#N/A	#N/A	#N/A	#N/A	#N/A	#N/A	#N/A	#N/A	#N/A	#N/A	#N/A	#N/A	#N/A	#N/A	#N/A	#N/A	#N/A	#N/A	#N/A	#N/A	#N/A	#N/A	#N/A	#N/A	#N/A	#N/A	#N/A	#N/A	#N/A	#N/A	85.36	84.91	#N/A	#N/A	#N/A	#N/A	#N/A	#N/A	#N/A	#N/A	#N/A	#N/A	#N/A	#N/A	#N/A	#N/A	#N/A	#N/A	#N/A	#N/A	#N/A	#N/A	#N/A	#N/A	#N/A	83.86	84.76	84.68	#N/A	83.76	84.81	85.06	83.39	85.26	85.68	85.84	#N/A	#N/A	#N/A	#N/A	#N/A
Prop11	#N/A	#N/A	-3.86	-3.47	#N/A	#N/A	#N/A	#N/A	#N/A	#N/A	#N/A	#N/A	#N/A	-3.47	-3.39	-3.47	-3.43	-3.64	-3.68	#N/A	#N/A	#N/A	#N/A	#N/A	#N/A	#N/A	#N/A	#N/A	#N/A	#N/A	#N/A	#N/A	#N/A	#N/A	#N/A	#N/A	#N/A	#N/A	7.42	7.83	#N/A	#N/A	#N/A	#N/A	#N/A	#N/A	#N/A	#N/A	#N/A	#N/A	#N/A	#N/A	#N/A	-3.02	-3.43	-3.45	-3.47	-3.42	-3.7	-3.78	-3.4	-3.8	-3.7	-3.27	-3.33	-3.33	-3.38	-3.44	-3.4	-3.43	-3.46	-3.32	-3.52	-2.51	-2.51	-2.63	-3.51	-3.62	-3.59	#N/A	#N/A	#N/A	#N/A	#N/A	#N/A	#N/A	#N/A	#N/A	#N/A	#N/A	#N/A	#N/A	#N/A	#N/A	#N/A	#N/A	#N/A	#N/A	#N/A	#N/A	#N/A	#N/A	#N/A	#N/A	#N/A	#N/A	#N/A	#N/A	#N/A	#N/A	#N/A	#N/A	#N/A	#N/A	#N/A	#N/A	#N/A	-2.89	-2.93	#N/A	#N/A	#N/A	#N/A	#N/A	#N/A	#N/A	#N/A	#N/A	#N/A	#N/A	#N/A	#N/A	#N/A	#N/A	#N/A	#N/A	#N/A	#N/A	#N/A	#N/A	#N/A	#N/A	-3.43	-3.54	-3.49	#N/A	-3.25	-3.41	-3.41	-3.5	-3.41	-3.44	-3.43	#N/A	#N/A	#N/A	#N/A	#N/A
Prop12	#N/A	#N/A	6.27	5.72	#N/A	#N/A	#N/A	#N/A	#N/A	#N/A	#N/A	#N/A	#N/A	7.08	6.87	6.83	6.51	7.35	6.9	#N/A	#N/A	#N/A	#N/A	#N/A	#N/A	#N/A	#N/A	#N/A	#N/A	#N/A	#N/A	#N/A	#N/A	#N/A	#N/A	#N/A	#N/A	#N/A	84	90	#N/A	#N/A	#N/A	#N/A	#N/A	#N/A	#N/A	#N/A	#N/A	#N/A	#N/A	#N/A	#N/A	6.43	6.56	6.98	6.77	6.12	5.64	6.18	5.9	5.6	6.1	6.34	6.24	6.17	6.32	5.98	6.04	6.13	5.98	5.95	6.23	7.43	7.63	7.15	5.71	5.67	6.04	#N/A	#N/A	#N/A	#N/A	#N/A	#N/A	#N/A	#N/A	#N/A	#N/A	#N/A	#N/A	#N/A	#N/A	#N/A	#N/A	#N/A	#N/A	#N/A	#N/A	#N/A	#N/A	#N/A	#N/A	#N/A	#N/A	#N/A	#N/A	#N/A	#N/A	#N/A	#N/A	#N/A	#N/A	#N/A	#N/A	#N/A	#N/A	6.4	7.24	#N/A	#N/A	#N/A	#N/A	#N/A	#N/A	#N/A	#N/A	#N/A	#N/A	#N/A	#N/A	#N/A	#N/A	#N/A	#N/A	#N/A	#N/A	#N/A	#N/A	#N/A	#N/A	#N/A	7.46	7.11	7.1	#N/A	8.1	7.42	7.31	7.32	5.67	5.72	5.82	#N/A	#N/A	#N/A	#N/A	#N/A
Prop13	#N/A	#N/A	93	93.8	#N/A	#N/A	#N/A	#N/A	#N/A	#N/A	#N/A	#N/A	#N/A	90.9	86.8	89.2	89.6	89.8	91.7	93.3	93.9	94.6	93.4	90.2	#N/A	#N/A	#N/A	#N/A	#N/A	#N/A	#N/A	#N/A	#N/A	#N/A	92.8	91.6	91	91.6	#N/A	#N/A	92.2	92.4	92.9	90.1	90.6	89.4	93.2	92.2	92.7	92.4	92.3	91.5	91.2	90.6	89.9	90.6	91	88.9	88.1	89.1	95	95	94.4	#N/A	#N/A	#N/A	#N/A	#N/A	#N/A	#N/A	#N/A	#N/A	#N/A	#N/A	#N/A	#N/A	#N/A	#N/A	#N/A	90.8	91.7	91.4	#N/A	#N/A	#N/A	#N/A	88.1	87.6	87.9	88.5	89.2	89.5	87.2	87.4	89.7	88.7	88.5	88.5	87.5	#N/A	#N/A	#N/A	#N/A	#N/A	#N/A	#N/A	#N/A	87.3	87.7	88.5	87.6	88.4	#N/A	#N/A	#N/A	#N/A	#N/A	86	85	88.6	89.9	87.2	88.7	88.7	90.4	#N/A	#N/A	#N/A	#N/A	#N/A	#N/A	#N/A	#N/A	#N/A	89.5	90.9	89.2	89.7	90.4	90.9	90.8	89.6	90.1	90.8	90.6	#N/A	90.2	91	91.2	88.3	89.05	88.8	89.5	90.5	89.9	#N/A	#N/A	#N/A
Prop14	#N/A	#N/A	#N/A	#N/A	#N/A	#N/A	#N/A	#N/A	#N/A	#N/A	#N/A	#N/A	#N/A	99.4	99.1	100.7	99.7	100.2	99.1	101	100.6	101	101.1	100.5	#N/A	#N/A	#N/A	#N/A	#N/A	#N/A	#N/A	#N/A	#N/A	#N/A	#N/A	#N/A	#N/A	#N/A	#N/A	#N/A	#N/A	#N/A	#N/A	#N/A	#N/A	#N/A	101.2	101	100.9	100.3	99.6	99.4	98.2	#N/A	#N/A	#N/A	#N/A	100.6	100.1	100.9	101.7	101.6	101.4	101.4	100.9	101.2	100.4	98	101.7	100.8	101.1	98	98.8	101.3	101.3	98.9	100.3	100.1	103.2	101.8	102.3	102.3	#N/A	#N/A	#N/A	#N/A	99.9	98.5	98.3	99	99.1	#N/A	#N/A	#N/A	#N/A	#N/A	#N/A	#N/A	#N/A	#N/A	#N/A	#N/A	#N/A	#N/A	#N/A	#N/A	#N/A	98.4	96.5	96.2	96.9	96.8	#N/A	#N/A	#N/A	#N/A	#N/A	#N/A	#N/A	#N/A	#N/A	#N/A	#N/A	#N/A	#N/A	#N/A	#N/A	#N/A	#N/A	#N/A	#N/A	#N/A	#N/A	#N/A	#N/A	#N/A	#N/A	#N/A	#N/A	#N/A	#N/A	#N/A	102.2	102	101.9	#N/A	102	101.9	101.8	99.8	100.1	100.6	100.6	#N/A	#N/A	#N/A	#N/A	#N/A
Prop15	#N/A	#N/A	#N/A	#N/A	#N/A	#N/A	#N/A	#N/A	#N/A	#N/A	#N/A	#N/A	#N/A	11.99	7.41	6.59	6.25	7.42	7.32	13.2	9.7	10.2	11.9	10.8	14.62	14.17	14.81	16.65	14.88	14.95	14.9	14.2	#N/A	#N/A	10.4	10.9	11.9	12.4	#N/A	#N/A	4.62	5.23	7.01	7.7	6.135	7.41	14.8	8.51	9.89	11.8	7.58	7	8.121	#N/A	#N/A	#N/A	#N/A	15.271	10.232	8.985	#N/A	#N/A	#N/A	13.8	9.5	12.6	11.9	14.9	#N/A	#N/A	#N/A	#N/A	#N/A	#N/A	#N/A	#N/A	#N/A	#N/A	#N/A	11.4	11.8	11.3	#N/A	#N/A	#N/A	#N/A	6.1	7.8	8.2	7.2	#N/A	6.4	6	5.1	6.23	6.6	6.2	6.8	6.5	#N/A	#N/A	#N/A	#N/A	#N/A	#N/A	#N/A	#N/A	6.04	9.45	6.26	5.34	5.84	5.8	5.8	7.6	7.6	6.8	7.4	10.3	8	9.1	8.6	8.9	7.2	7.4	11.2	11.8	12.1	#N/A	#N/A	#N/A	#N/A	#N/A	#N/A	#N/A	#N/A	#N/A	#N/A	#N/A	#N/A	#N/A	#N/A	11.71	15.17	15.89	10.32	11.71	15.35	15.45	#N/A	#N/A	#N/A	#N/A	8.5	9.5	#N/A	#N/A	#N/A
Prop16	#N/A	#N/A	#N/A	#N/A	#N/A	#N/A	#N/A	#N/A	#N/A	#N/A	#N/A	#N/A	#N/A	#N/A	#N/A	#N/A	#N/A	#N/A	#N/A	2.8	2.7	2.8	2.6	2.5	7.4	#N/A	7.87	7.43	7.23	7.68	7.57	#N/A	#N/A	#N/A	#N/A	#N/A	#N/A	#N/A	#N/A	#N/A	#N/A	#N/A	#N/A	#N/A	#N/A	#N/A	#N/A	#N/A	#N/A	#N/A	#N/A	#N/A	#N/A	#N/A	#N/A	#N/A	#N/A	3.416	2.742	2.611	#N/A	#N/A	#N/A	#N/A	#N/A	#N/A	#N/A	#N/A	#N/A	#N/A	#N/A	#N/A	#N/A	#N/A	#N/A	#N/A	#N/A	#N/A	#N/A	#N/A	#N/A	#N/A	#N/A	#N/A	#N/A	#N/A	3.4	4.2	3.6	3.7	#N/A	#N/A	#N/A	#N/A	#N/A	#N/A	#N/A	#N/A	#N/A	#N/A	#N/A	#N/A	#N/A	#N/A	#N/A	#N/A	#N/A	#N/A	#N/A	#N/A	#N/A	#N/A	#N/A	#N/A	#N/A	#N/A	#N/A	#N/A	#N/A	#N/A	#N/A	#N/A	#N/A	#N/A	#N/A	8.8	6.7	6.5	6	#N/A	#N/A	#N/A	#N/A	#N/A	#N/A	#N/A	#N/A	#N/A	#N/A	#N/A	#N/A	#N/A	#N/A	#N/A	#N/A	#N/A	#N/A	#N/A	#N/A	5.17	4.18	4.39	4.08	#N/A	#N/A	#N/A	#N/A	#N/A
Prop17	15.1	18.2	15.4	15.1	#N/A	#N/A	#N/A	#N/A	#N/A	#N/A	#N/A	#N/A	#N/A	#N/A	#N/A	#N/A	#N/A	#N/A	#N/A	#N/A	#N/A	#N/A	#N/A	#N/A	#N/A	#N/A	#N/A	#N/A	#N/A	#N/A	#N/A	#N/A	#N/A	#N/A	#N/A	#N/A	#N/A	#N/A	#N/A	#N/A	#N/A	#N/A	#N/A	#N/A	#N/A	#N/A	#N/A	#N/A	#N/A	#N/A	#N/A	#N/A	#N/A	#N/A	#N/A	#N/A	#N/A	#N/A	#N/A	#N/A	#N/A	#N/A	#N/A	#N/A	#N/A	#N/A	#N/A	#N/A	#N/A	#N/A	#N/A	#N/A	#N/A	#N/A	#N/A	#N/A	#N/A	#N/A	#N/A	#N/A	#N/A	#N/A	#N/A	#N/A	#N/A	#N/A	#N/A	#N/A	#N/A	#N/A	#N/A	#N/A	#N/A	#N/A	#N/A	#N/A	#N/A	#N/A	#N/A	#N/A	#N/A	#N/A	#N/A	#N/A	#N/A	#N/A	#N/A	#N/A	#N/A	#N/A	#N/A	#N/A	#N/A	#N/A	#N/A	#N/A	#N/A	#N/A	#N/A	#N/A	#N/A	#N/A	#N/A	#N/A	#N/A	#N/A	#N/A	#N/A	#N/A	#N/A	#N/A	#N/A	#N/A	#N/A	#N/A	#N/A	#N/A	#N/A	#N/A	#N/A	#N/A	#N/A	#N/A	#N/A	#N/A	#N/A	#N/A	#N/A	#N/A	#N/A	#N/A	#N/A	#N/A	#N/A	#N/A	#N/A	#N/A	#N/A
Prop18	8.5	10.1	#N/A	#N/A	#N/A	#N/A	#N/A	#N/A	#N/A	#N/A	#N/A	#N/A	#N/A	#N/A	#N/A	#N/A	#N/A	#N/A	#N/A	#N/A	#N/A	#N/A	#N/A	#N/A	#N/A	#N/A	#N/A	#N/A	#N/A	#N/A	#N/A	#N/A	#N/A	#N/A	#N/A	#N/A	#N/A	#N/A	#N/A	#N/A	#N/A	#N/A	#N/A	#N/A	#N/A	#N/A	#N/A	#N/A	#N/A	#N/A	#N/A	#N/A	#N/A	#N/A	#N/A	#N/A	#N/A	#N/A	#N/A	#N/A	#N/A	#N/A	#N/A	#N/A	#N/A	#N/A	#N/A	#N/A	#N/A	#N/A	#N/A	#N/A	#N/A	#N/A	#N/A	#N/A	#N/A	#N/A	#N/A	#N/A	#N/A	#N/A	#N/A	#N/A	#N/A	#N/A	#N/A	#N/A	#N/A	#N/A	#N/A	#N/A	#N/A	#N/A	#N/A	#N/A	#N/A	#N/A	#N/A	#N/A	#N/A	#N/A	#N/A	#N/A	#N/A	#N/A	#N/A	#N/A	#N/A	#N/A	#N/A	#N/A	#N/A	#N/A	#N/A	#N/A	#N/A	#N/A	#N/A	#N/A	#N/A	#N/A	#N/A	#N/A	#N/A	#N/A	#N/A	#N/A	#N/A	#N/A	#N/A	#N/A	#N/A	#N/A	#N/A	#N/A	#N/A	#N/A	#N/A	#N/A	#N/A	#N/A	#N/A	#N/A	#N/A	#N/A	#N/A	#N/A	#N/A	#N/A	#N/A	#N/A	#N/A	#N/A	#N/A	#N/A	#N/A	#N/A
Comp1	18.2	18.2	15.45	15.5	15.45	15.9	16.8	15.45	15.9	16.15	16.4	16.8	16.18	15.45	15.45	15.45	15.45	15.45	16.55	15.45	16.58	16.58	16.55	16.55	15.45	15.55	15.35	15.8	16.4	16.4	15.5	16.9	15.45	15.5	15.45	16.8	16.8	15.8	15.8	15.8	15.2	15.7	15.7	15.7	15.7	15.7	15.8	16.58	17.48	17.68	15.65	15.65	15.65	15.8	16.45	16.45	16.45	15.8	15.95	16	15.8	15.4	15.95	15.8	15.8	15.8	15.8	15.8	15.8	15.8	15.8	15.8	15.8	15.8	15.8	15.8	15.8	15.8	15.8	15.45	15.8	15.8	15.7	11.6	11.6	11.6	15.7	11.5	11.5	11.5	11.5	15.7	12.1	12.1	11.5	12.1	12.1	12.1	12.6	15.7	11.5	10.3	10.3	8.5	8.5	8.5	12.1	15.7	15.4	11	8.25	5.5	15.7	15.7	16	16	15.4	15.49	15.7	15.7	15.685	15.67	15.655	15.655	15.66	18.2	17	17	17	18.2	19.7	18.2	18.5	20	15.45	16.8	18.4	18.4	18.4	18.4	18.4	18.4	15.45	16.8	16.8	16.7	15.45	16.8	16.8	15.45	15.55	15.55	14.55	15.45	16.4	15.45	15.8	15.8
Comp2	5	5	15.45	15.5	15.45	15.9	16.8	15.45	15.9	16.15	16.4	16.8	16.18	15.45	15.45	15.45	15.45	15.45	16.55	15.45	16.58	16.58	16.55	16.55	15.45	15.55	15.35	15.8	5	16.4	15.5	16.9	15.45	15.5	15.45	16.8	16.8	15.8	15.8	15.8	2	2.5	2.5	2.5	2.5	2.5	15.8	16.58	17.48	17.68	15.65	15.65	15.65	15.8	16.45	16.45	16.45	15.8	15.95	16	15.8	15.4	15.95	15.8	15.8	15.8	15.8	15.8	15.8	15.8	15.8	15.8	15.8	15.8	15.8	15.8	15.8	15.8	15.8	15.45	15.8	15.8	2.5	2	2	2	2.5	2.5	2.5	2.5	2.5	2.5	2.5	2.5	2.5	2.5	2.5	2.5	6.6	2.5	2.5	2.5	2.5	2.5	8.5	8.5	12.1	2.5	15.4	11	8.25	5.5	2.5	2.5	13	16	15.4	6.25	11.5	2.5	3.085	3.67	4.255	4.255	3.66	5	5	5	5	5	6.5	5	6.5	5	15.45	16.8	18.4	11.2	4	4	4	4	15.45	16.8	16.8	16.7	15.45	16.8	16.8	15.45	15.55	15.55	14.55	15.45	16.4	15.45	15.8	15.8
Comp3	5	5	5	5	5	5	6.5	5	5	5	5	6	6	5	5	5	5	5	5	5	5	5	5	5	5	4	6	7	5	5	5	7	5	5	5	6	6	5	5	5	2	2.5	2.5	2.5	2.5	2.5	5	5	7	5	3	3	3	5	6	6	6	5	5.5	5	5	5.5	5.5	5	5	5	5	5	5	5	5	5	5	5	5	5	5	5	5	5	5	5	2.5	2	2	2	2.5	2.5	2.5	2.5	2.5	2.5	2.5	2.5	2.5	2.5	2.5	2.5	1.98	2.5	2.5	2.5	2.5	2.5	2.5	2.5	3.63	2.5	4.62	3.3	2.475	1.65	2.5	2.5	2.5	1.65	4.62	1.75	2.5	2.5	2.5	2.5	2.5	2.5	2.5	5	5	5	5	5	6.5	5	6.5	5	5	6.5	4	4	4	4	4	4	5	6.5	6.5	6.5	5	6.5	6.5	5	4	4	3	5	5	5	5	5
Comp4	0	0	0	0	0	0	0	0	0	0	0	0	0	0	0	0	0	0	0	0	0	0	0	0	0	0	0	0	0	0	0	0	0	0	0	0	0	0	0	0	0	0	0	0	0	0	0	0	0	0	0	0	0	0	0	0	0	0	0	0	0	0	0	0	0	0	0	0	0	0	0	0	0	0	0	0	0	0	0	0	0	0	0	4.83	4.83	4.83	0	5.796	5.796	4.83	4.83	0	4.83	4.83	5.796	5.796	5.796	5.796	4.83	0	4.83	5.796	7.245	7.245	7.245	7.245	4.83	0	0	4.83	7.245	9.66	12.558	0	0	0	0	0	0	0	0	0	0	0	0	0	0	0	0	0	0	0	0	0	0	0	0	0	0	0	0	0	0	0	0	0	0	0	0	0	0	0	0	0	0	0	0	0
Comp5	24.148	24.148	25.736	25.6875	25.736	25.646	25.209	25.246	25.156	25.106	25.056	24.93	24.982	25.246	24.741	24.211	23.171	25.011	24.609	25.246	24.38	24.94	24.949	24.469	25.246	25.206	25.286	25.125	24.866	24.866	25.1625	23.708	25.246	25.3025	25.246	25.25	25.25	25.577	25.769	25.769	23.154	23.613	24.573	25.533	25.423	25.423	25.769	24.306	23.62	23.418	23.479	23.479	22.564	25.769	24.546	24.621	24.306	25.769	24.487	24.467	25.769	25.488	24.085	25.769	24.924	24.907	24.907	24.907	25.769	25.097	24.257	25.097	25.389	25.769	25.716	25.716	25.716	25.716	25.716	25.246	25.769	25.757	24.333	23.12	22.735	22.735	24.333	23.21	22.846	23.16	23.16	24.333	23.339	22.939	22.776	23.535	23.08	23.535	22.638	24.333	23.96	24.018	23.682	24.105	24.205	24.105	23.338	24.333	23.712	23.8	23.995	24.19	26.563	24.333	22.32	22.02	23.712	23.3331	22.988	24.333	24.269	24.205	23.981	23.613	24.035	24.148	25.31	25.52	25.87	24.148	23.685	24.868	24.627	24.24	25.736	25.034	24.148	24.148	24.148	24.148	24.148	24.148	25.246	25.106	25.659	24.56	25.246	25.209	24.889	24.56	23.883	23.519	23.56	24.56	24.18	24.56	24.492	24.947
Comp6	57.652	57.652	58.814	58.8125	58.814	58.454	57.991	59.304	58.944	58.744	58.544	58.27	58.838	59.304	59.809	60.339	61.379	59.539	58.841	59.304	59.04	58.48	58.501	58.981	59.304	59.244	59.364	59.075	58.734	58.734	59.3375	59.392	59.304	59.1975	59.304	57.95	57.95	58.623	56.271	56.271	61.646	60.687	59.727	58.767	58.877	58.877	56.271	59.114	58.9	58.902	60.871	60.871	59.786	56.271	56.844	56.769	57.084	56.271	57.403	57.373	56.271	57.512	56.365	56.271	55.676	55.693	55.693	55.693	56.271	56.943	56.943	56.943	56.651	56.271	54.164	54.164	54.164	54.164	54.164	59.304	56.271	54.843	59.967	60.45	60.835	60.835	59.967	59.494	59.858	60.51	60.51	59.967	59.731	60.131	59.928	58.569	59.024	58.569	59.932	59.967	59.71	59.886	58.773	60.15	60.05	60.15	59.732	59.967	60.888	60.37	60.51	60.65	67.179	59.967	61.68	61.98	60.888	61.1769	61.312	59.967	60.046	60.125	60.364	60.732	60.305	57.652	57.69	57.48	57.13	57.652	56.615	56.932	56.873	55.76	58.814	58.166	57.452	57.452	57.452	57.452	57.452	57.452	59.304	58.094	57.541	58.74	59.304	57.991	58.311	59.99	60.567	60.931	60.89	59.99	59.42	59.99	59.708	59.253
Comp7	0	0	0	0	0	0	0	0	0	0	0	0	0	0	0	0	0	0	0	0	0	0	0	0	0	0	0	0	0	0	0	0	0	0	0	0	0	0	0	0	0	0	0	0	0	0	0	0	0	0	0	0	0	0	0	0	0	0	0	0	0	0	0	0	0	0	0	0	0	0	0	0	0	0	0	0	0	0	0	0	0	0	0	0	0	0	0	0	0	0	0	0	0	0	0	0	0	0	0	0	0	0	0	0	0	0	0	0	0	0	0	0	0	0	0	0	0	0	0	0	0	0	0	0	0	0	0	0	0	0	0	0	0	0	0	0	0	0	0	0	0	0	0	0	0	0	0	0	0	0	0	0	0	0	0	0	0	0
Comp8	0.864	0.864	1.44	1.44	1.44	1.44	1.44	1.44	1.44	1.44	1.44	0.864	0.864	1.44	1.44	1.44	1.44	1.44	0.864	1.44	0.864	0.864	0.864	0.864	1.44	1.44	1.44	1.44	1.44	1.44	1.44	0.72	1.44	1.44	1.44	1.08	1.08	1.08	1.08	1.08	1.08	1.44	1.44	1.44	1.44	1.44	1.08	0.72	0.72	0.72	1.08	1.44	1.44	1.08	1.08	0.72	0.72	1.08	1.08	1.08	1.08	1.08	1.08	1.08	1.08	1.08	1.08	1.08	1.08	1.08	1.08	1.08	1.08	1.08	1.08	1.08	0.72	0.72	0.72	1.44	1.08	1.08	1.08	1.08	1.08	1.08	1.08	1.08	1.08	1.08	1.08	1.08	1.08	1.08	1.08	1.08	1.08	1.08	1.08	1.08	1.08	1.08	1.08	1.08	1.08	1.08	1.08	1.08	1.08	1.08	1.08	1.08	0.72	1.08	0.72	0.72	0.72	0.8928	0.864	1.08	1.08	1.08	1.08	1.08	1.08	0.864	0.864	0.864	0.864	0.864	0.864	0.864	0.864	0.864	1.44	0.864	0.864	0.864	0.864	0.864	0.864	0.864	1.44	0.864	0.864	0.864	1.44	0.864	0.72	1.44	1.08	0.72	0.72	1.44	1.44	1.44	1.44	1.44
Comp9	0	0	0	0	0	0	0	0	0	0	0	0	0	0	0	0	0	0	0	0	0	0	0	0	0	0	0	0	0	0	0	0	0	0	0	0	0	0	0	0	0	0	0	0	0	0	0	0	0	0	0	0	0	0	0	0	0	0	0	0	0	0	0	0	0	0	0	0	0	0	0	0	0	0	0	0	0	0	0	0	0	0	0	0	0	0	0	0	0	0	0	0	0	0	0	0	0	0	0	0	0	0	0	0	0	0	0	0	0	0	0	0	0	0	0	0	0	0	0	0	0	0	0	0	0	0	0	0	0	0	0	0	0	0	0	0	0	0	0	0	0	0	0	0	0	0	0	0	0	0	0	0	0	0	0	0	0	0
